==== Performance over 10 frames ====

Total Average: 0.001916

0.000468756
0.000992956
0.000291529
0.000449564
0.000526767
0.000527886
0.000526849
0.000525402
0.000525838
0.000526576
0.000526357
0.000527804
0.000431356
0.000244383
0.000234746
0.000226693
0.000226502
0.000220715
0.000507057
0.000533045
0.000525593
0.000530179
0.000533974
0.000527913
0.000527122
0.000527859
0.000528487
0.000532008
0.000227403
0.000231907
0.000224919
0.000223335
0.000217521
0.000387786
0.000526384
0.000533701
0.000525511
0.000536567
0.000529442
0.000532527
0.000528077
0.000528104
0.000529715
0.000530343
0.000529497
0.000528896
0.00052532
0.000528405
0.000528541
0.000529497
0.00052592
0.000529524
0.000528022
0.00055322
0.00022844
0.000227539
0.0002342
0.000224755
0.000223499
0.000467882
0.000504327
0.000509623
0.000511452
0.000508722
0.000504654
0.000507111
0.000507821
0.000507029
0.00050632
0.000468319
0.000224618
0.000236111
0.000225137
0.000230433
0.000323196
0.000515956
0.000512626
0.000509541
0.00050722
0.000510469
0.000505282
0.000506074
0.000511889
0.000509104
0.000517922
0.000289345
0.000227376
0.000228549
0.000228904
0.000219377
0.00021348
0.000216538
0.000215801
0.000215391
0.000217985
0.000218831
0.000214681
0.00021419
0.000213508
0.000212443
0.000231389
0.000223472
0.000232153
0.000234992
0.000221342
0.000368431
0.000505282
0.000508367
0.000505582
0.00050763
0.000504381
0.000505828
0.00050449
0.000507493
0.000507166
0.000504709
0.000509786
0.000510305
0.000506893
0.000505582
0.000509841
0.000506947
0.000504409
0.000506292
0.000515847
0.000508094
0.000503508
0.000514345
0.000507111
0.000649177
0.000369332
0.000535448
0.000534056
0.000540662
0.000544893
0.000541344
0.000537277
0.000538178
0.000535202
0.000541536
0.000539979
0.000538587
0.000541454
0.000545549
0.000540908
0.000539706
0.000534192
0.000537959
0.00053452
0.000541071
0.000549289
0.000536212
0.000536239
0.000536431
0.000539816
0.000534492
0.000537468
0.000537686
0.000538287
0.00054473
0.000535011
0.00111346
0.00302547
0.00162403
0.00161505
0.00162357
0.00162068
0.00162297
0.00161915
0.00162772
0.00162302
0.0016118
0.00162128
0.00162242
0.00161882
0.00161909
0.00162215
0.00162084
0.00161563
0.00162122
0.00162125
0.00162379
0.00161838
0.00162149
0.001626
0.00161475
0.00161393
0.00161743
0.00124375
0.000575223
0.000587235
0.000583167
0.000565122
0.000581474
0.000577652
0.000573721
0.000573885
0.000583604
0.000575032
0.0005889
0.000601539
0.000581174
0.000575032
0.000583576
0.000585324
0.000568425
0.000576369
0.0005708
0.000577461
0.000579372
0.000577461
0.000580219
0.000571783
0.000576096
0.000575032
0.000652179
0.00126218
0.00121389
0.00121424
0.00119732
0.00117985
0.00117234
0.00122036
0.00116991
0.00118247
0.00122279
0.00116117
0.00116865
0.0011849
0.00122377
0.00119423
0.00118026
0.00117873
0.00116289
0.00117406
0.00121454
0.00119604
0.00117821
0.00119948
0.00118498
0.00120726
0.00118138
0.00119216
0.00122792
0.00117663
0.0011731
0.00117316
0.00117646
0.00119344
0.00120494
0.00117742
0.00117245
0.00117482
0.00116571
0.00117013
0.00121064
0.00120635
0.00117198
0.00118037
0.00121332
0.00116289
0.00117095
0.00118375
0.00120152
0.00118375
0.00116606
0.00118274
0.00116805
0.00115989
0.00116582
0.00116816
0.00116571
0.00117198
0.00120777
0.00116885
0.00116775
0.00116904
0.00119844
0.00119415
0.00116571
0.00117125
0.00115681
0.00120829
0.00116669
0.00119557
0.00116137
0.00117753
0.00116617
0.00115348
0.00119418
0.00116524
0.00116445
0.00122025
0.00140103
0.00134255
0.000723431
0.000685212
0.00117493
0.00117485
0.00116819
0.00117534
0.00114758
0.00116459
0.00118258
0.00118457
0.0012131
0.00114256
0.00117529
0.00115823
0.00116901
0.00117469
0.00116713
0.00116199
0.00119467
0.00117892
0.001144
0.0011555
0.00118138
0.00114452
0.00116986
0.00118312
0.00116374
0.00113964
0.00117324
0.000592694
0.000522344
0.000536185
0.000529005
0.000700772
0.000522453
0.000536021
0.000528623
0.000530643
0.000522317
0.000522044
0.000524692
0.000516721
0.000536321
0.000524938
0.000523518
0.000533783
0.000524037
0.000537004
0.000518522
0.000525265
0.000527886
0.000542709
0.000545003
0.000532336
0.000536376
0.000528923
0.000528732
0.000536704
0.00052835
0.0005236
0.000530561
0.00052977
0.000536431
0.000533673
0.000532772
0.000520952
0.000533291
0.000530998
0.000523382
0.00053826
0.000531107
0.000541454
0.000520706
0.00052117
0.00054058
0.000523736
0.00051844
0.00053725
0.000530943
0.000531517
0.000535693
0.000534547
0.000528759
0.000537932
0.000530725
0.000531189
0.000539597
0.000523245
0.000530889
0.000516038
0.00052562
0.00053482
0.000528623
0.000528678
0.000525729
0.000539843
0.000529114
0.000528814
0.000544265
0.000531708
0.000533783
0.000541727
0.000529142
0.000553247
0.00055655
0.000546613
0.00055049
0.000557915
0.000554312
0.000551582
0.00080653
0.00144154
0.00145614
0.00143985
0.00146843
0.00144847
0.00144653
0.00146294
0.00146081
0.00146679
0.0014726
0.00146739
0.00146267
0.00146731
0.00148456
0.00148317
0.00148475
0.00148478
0.00148044
0.00149231
0.00147798
0.00150465
0.00152655
0.00149433
0.00149783
0.00154833
0.00151077
0.00150102
0.00151819
0.00150422
0.00152802
0.00153438
0.00151959
0.00153419
0.00152144
0.0015473
0.00153149
0.00154353
0.00155306
0.00154495
0.00155221
0.00156048
0.00155974
0.00156138
0.00156419
0.00156766
0.00156591
0.00156777
0.00157779
0.00158136
0.00159084
0.00161251
0.00158712
0.00160252
0.0016032
0.00160591
0.000849444
0.00067077
0.000675084
0.000680571
0.000673364
0.000685594
0.000692555
0.000693046
0.000696432
0.000687204
0.000691026
0.000694848
0.000689498
0.000700363
0.000703366
0.000707379
0.000719854
0.00141336
0.0016673
0.00164833
0.00164527
0.0016575
0.00167388
0.00165453
0.00167222
0.00166438
0.00165753
0.0169
0.0209424
0.0207619
0.0208757
0.021056
0.020752
0.0206625
0.0210003
0.020913
0.0212234
0.0208655
0.0212069
0.0210816
0.0209704
0.0209832
0.0209725
0.0208327
0.0225758
0.0268898
0.0270019
0.0273404
0.0247788
0.0188492
0.0198958
0.0195991
0.018744
0.0139252
0.00171655
0.0017355
0.00172706
0.00172676
0.00173036
0.00174549
0.00173178
